symbol,beijing_time
BAL/USDT:USDT,2025-05-20 17:50:21
LOOKS/USDT:USDT,2025-05-20 17:50:21
